4294967279,89
4294967279,90
4294967278,247
4294967279,228
4294967279,93
4294967279,92
4294967279,91
4294967279,195
4294967278,391
4294967278,192
4294967279,192
4294967279,96
4294967279,95
4294967279,94
4294967278,429
4294967279,356
4294967279,190
4294967279,104
4294967279,103
4294967279,102
4294967279,101
4294967279,100
4294967279,99
4294967279,98
4294967279,97
4294967279,189
4294967279,333
4294967279,187
4294967294,198
4294967294,196
4294967294,194
4294967294,192
4294967294,1013
4294967294,1010
4294967294,1004
4294967294,1002
4294967294,999
4294967294,996
4294967294,995
4294967294,421
4294967294,401
4294967294,190
4294967294,185
4294967294,182
4294967294,176
4294967294,173
4294967294,170
4294967279,108
4294967279,107
4294967279,106
4294967279,105
4294967279,185
4294967278,184
4294967279,116
4294967279,115
4294967279,114
4294967279,113
4294967279,112
4294967279,111
4294967279,110
4294967279,109
4294967279,355
4294967278,10
4294967278,9
4294967278,8
4294967278,7
4294967278,6
4294967278,5
4294967278,4
4294967279,132
4294967279,131
4294967279,130
4294967279,129
4294967279,128
4294967279,127
4294967279,126
4294967279,125
4294967279,124
4294967279,123
4294967279,122
4294967279,121
4294967279,120
4294967279,119
4294967279,118
4294967279,117
4294967279,338
4294967278,417
4294967279,561
4294967278,437
4294967278,256
4294967278,343
4294967278,60
4294967278,373
4294967278,57
4294967278,412
4294967278,55
4294967278,337
4294967278,54
4294967278,385
4294967278,53
4294967278,336
4294967278,52
4294967278,51
4294967278,50
4294967278,174
4294967278,47
4294967278,45
4294967278,44
4294967278,43
4294967278,42
4294967278,41
4294967278,40
4294967278,321
4294967278,38
4294967278,37
4294967278,409
4294967278,36
4294967278,35
4294967278,427
4294967278,34
4294967278,33
4294967278,32
4294967278,31
4294967278,30
4294967278,29
4294967278,333
4294967278,28
4294967278,306
4294967278,27
4294967278,392
4294967278,26
4294967278,399
4294967278,25
4294967278,24
4294967278,241
4294967278,23
4294967278,22
4294967278,366
4294967278,21
4294967278,20
4294967278,19
4294967278,18
4294967278,17
4294967278,16
4294967278,389
4294967278,15
4294967278,14
4294967278,252
4294967278,13
4294967278,12
4294967278,11
4294967279,366
4294967279,84
4294967279,82
4294967279,562
4294967279,80
4294967279,298
4294967279,79
4294967279,77
4294967279,350
4294967279,74
4294967279,73
4294967279,72
4294967279,532
4294967279,71
4294967279,69
4294967279,226
4294967279,66
4294967279,62
4294967279,329
4294967279,60
4294967279,327
4294967279,58
4294967279,365
4294967279,320
4294967279,55
4294967279,542
4294967279,54
4294967279,539
4294967279,53
4294967279,174
4294967279,375
4294967279,47
4294967279,45
4294967279,44
4294967279,41
4294967279,39
4294967279,374
4294967279,36
4294967279,33
4294967279,32
4294967279,30
4294967279,25
4294967279,23
4294967279,22
4294967278,388
4294967279,177
4294967279,63
4294967279,552
4294967278,299
4294967279,175
4294967278,61
4294967278,360
4294967279,61
4294967279,553
4294967278,172
4294967278,59
4294967279,52
4294967279,560
4294967278,58
4294967278,56
4294967278,413
4294967279,168
4294967278,167
4294967279,167
4294967278,166
4294967279,164
4294967279,166
1134,5
4294967278,165
1134,4
4294967279,165
1134,3
1134,2
1134,1
4294967278,164
4294967279,50
4294967278,39
4294967294,395
4294967294,444
4294967294,384
4294967294,414
4294967294,1014
4294967294,111
4294967294,116
4294967294,110
4294967294,169
4294967278,49
4294967278,442
4294967279,49
4294967279,546
4294967278,384
4294967278,48
4294967278,160
4294967278,359
4294967279,48
4294967278,446
4294967278,151
4294967278,159
4294967279,159
4294967278,46
4294967278,158
4294967278,411
4294967279,46
4294967279,274
4294967278,157
4294967279,157
4294967278,155
4294967279,154
1133,8
4294967278,154
1133,7
4294967279,153
1133,6
1133,5
1133,4
1133,3
1133,2
1133,1
4294967279,151
4294967279,38
4294967278,445
4294967279,148
4294967279,351
4294967278,334
4294967279,147
4294967279,146
4294967279,519
4294967279,145
4294967279,143
4294967279,142
4294967279,141
4294967279,140
4294967279,18
4294967279,27
4294967279,551
4294967279,336
4294967279,522
4294967279,136
4294967279,135
4294967279,134
4294967279,279
4294967279,270
4294967279,518
4294967279,373
4294967279,16
4294967279,321
4294967279,264
4294967279,263
4294967279,262
4294967279,275
4294967294,997
4294967294,1005
4294967294,162
4294967279,255
4294967279,254
4294967294,199
4294967279,253
4294967278,327
4294967278,326
4294967278,325
4294967279,364
4294967278,324
4294967278,322
1128,5
4294967278,254
1128,4
1128,3
1128,2
1128,1
4294967278,356
4294967278,250
4294967278,248
4294967294,1418
4294967278,246
4294967278,347
4294967278,240
4294967278,238
4294967278,237
4294967278,369
4294967278,236
4294967278,232
1126,5
4294967278,230
1126,4
1126,3
1126,2
1126,1
4294967278,228
4294967278,224
4294967278,222
4294967278,346
4294967278,220
4294967294,387
4294967278,214
4294967279,349
4294967278,364
4294967278,290
1124,6
4294967278,213
4294967278,415
4294967278,212
1124,5
4294967278,210
